100003
100032
100036
100039
100060
100069
100076
100099
100108
100123
100148
100179
100185
100187
100196
100205
100208
100209
100214
100217
100231
100250
100251
100271
100282
100362
100484
100651
101088
101112
101136
101292
101300
101302
101349
101367
101378
101380
101386
101396
101400
101444
101493
101704
102057
102060
102272
102321
102438
102454
102469
102478
102492
102506
102528
102530
102538
102545
102552
102563
102609
102720
103126
103279
103682
103686
103694
103899
104129
104158
104289
104317
104323
104431
